5449 2000 2
8767
5034
7750
9805
7552
8823
9678
9740
3731
7044
3727
8219
4582
3824
8596
8554
6407
3330
2647
8172
212
8864
5107
7729
1237
5208
1993
5206
9758
5072
6355
8382
5275
6691
9560
8694
4395
3444
6978
8388
8393
7033
8580
5312
3859
2091
2601
9190
630
2217
1437
6270
2531
3580
1552
9984
2311
8101
8675
2218
8076
3680
3007
9813
9943
3077
7695
3984
2366
1148
6612
3449
8820
8836
6575
6191
6268
4530
6018
135
765
9280
4366
7380
3952
8778
2089
8558
5785
8780
579
2791
5572
1772
9236
4458
8121
2030
8815
1848
5088
853
1980
3860
4236
9114
2565
8299
8891
5627
9920
9484
4373
127
2831
7348
3697
8266
6566
4124
1162
2787
3340
3431
8940
657
9891
5339
3045
301
4635
4339
6125
8414
6815
5840
9334
973
9170
3210
364
481
7602
3748
7753
2184
1849
8739
5538
2599
4217
8589
2549
8075
1960
706
8481
9686
6320
2588
5176
3616
1965
3957
2282
4618
788
6091
5255
1651
604
19
8301
2944
3477
9923
6577
143
858
6160
5160
5405
2138
9558
953
7102
8279
7300
7170
6888
1607
3184
5767
5714
5251
9593
282
3097
6704
3488
47
1617
9247
6314
5187
5093
1647
7689
5395
7744
2425
3842
6720
2306
51
6931
1010
8108
3024
3546
2460
8975
1852
5229
5382
5130
9568
3268
9634
5923
6067
7643
4344
6979
1934
5963
3650
8426
8269
438
8683
6919
9902
1355
4940
7581
7890
69
5547
4953
9947
4588
1059
4484
8285
1475
1784
2720
9883
6152
2348
453
3772
8193
8429
9212
3537
8634
7090
8031
6732
307
4466
7723
3716
3189
271
3712
4102
9016
8489
1803
1331
2402
6580
2405
7909
1681
1548
3592
2591
6192
3239
251
3407
3265
7301
3483
1967
8203
8572
6519
1664
5099
8086
9754
1571
5103
6081
2244
7927
1736
6605
148
3202
4771
6835
8908
5411
2033
5053
4770
6817
6671
1398
6738
1006
5694
602
9929
4440
9196
2724
2771
1463
4977
6973
3585
4114
2666
3737
5322
6662
8377
5784
6390
7457
3142
8549
4572
5769
7500
6145
10
8413
6713
9438
6716
4317
130
8636
5563
4036
5013
2712
6814
6343
6294
6247
1494
7840
4497
3111
6397
177
8743
8016
164
4594
6065
1241
8185
8141
3948
1730
4492
8002
4163
2775
8298
4429
1197
7426
506
7000
1243
8928
1554
8770
6206
4233
4417
447
2069
1180
3822
2692
6478
7540
9341
1082
4475
9584
9721
6518
6543
3699
322
6322
9049
6783
6155
7471
992
9972
1989
806
1985
856
8699
638
3762
2170
403
8094
6473
4089
1764
5061
2319
5442
7967
6976
8685
862
1370
8173
1796
3359
6895
9791
6682
6179
4719
28
3969
520
701
9804
5679
1683
9825
175
219
5079
1507
2414
8550
528
8151
3567
2956
9100
7535
8833
2171
3486
3367
3949
2657
5361
5881
717
7015
4717
8257
4902
7484
5489
964
7488
6060
3887
4487
566
5909
4502
945
5874
7176
1643
8333
5622
5686
5047
1485
535
6317
9317
8933
8233
8812
9095
5198
4935
4390
618
9066
4298
6528
9253
1789
4192
6784
2871
7077
4814
1477
3055
2887
6476
9812
7253
8303
3109
8179
2333
4023
5564
3394
9561
3626
9841
8618
7955
2552
5183
5995
910
5477
9258
6480
3281
5727
1413
6056
9166
1768
8431
6649
5996
4201
7563
3252
9824
5726
5956
9541
9497
7918
8611
9403
4520
2942
7971
6535
9799
1215
1897
5484
1766
7769
2143
4528
5076
1219
5651
4511
4421
7035
7441
5059
583
9489
6494
6207
2676
3711
9080
8904
6623
8893
746
3540
5335
2164
7877
2998
7888
9621
9732
424
5607
4153
843
6914
1084
6180
6331
7433
6267
8143
907
1443
3833
5954
7976
902
321
5665
5108
1240
7153
1753
1259
8951
7073
5551
6556
1887
8316
5656
6388
6685
429
9940
1696
1009
8840
6363
315
8715
5829
4545
9873
7627
7901
2699
4042
2249
7108
9513
7696
9646
1783
1177
3453
3494
4431
5126
661
2743
5490
560
5945
8164
9473
9032
2597
7873
3342
653
5903
5102
5012
5219
8048
6590
3613
6941
4500
3266
1737
9975
9709
3835
7431
2374
9051
4806
6856
5167
5284
261
8116
2547
2934
1438
7680
1346
5460
9169
4657
1050
9287
5794
5124
3165
436
6139
4773
7870
8267
4145
1769
9474
6242
3941
2410
5330
2946
799
1600
6963
4485
895
4608
1778
2294
7936
2216
2711
4044
198
4856
3730
5348
8057
2519
3844
5735
368
8442
4538
6666
4207
4860
9478
5087
7815
9690
92
6544
2833
6599
2929
1154
1798
1498
5400
3582
9461
5870
863
3853
9345
3234
5346
9878
2412
4053
8561
1448
8296
7116
7189
6366
9376
2945
8376
5826
6318
2795
8155
6061
3999
3438
9901
6842
3598
9500
3614
5511
7752
7355
4718
5066
2521
5805
6928
8588
5137
1066
213
2109
2220
3512
4985
3333
4893
9567
1305
7803
8907
6075
1262
1707
1452
1854
6830
1669
3476
5332
8677
4066
3507
1152
5020
6669
8925
2045
7572
7701
5139
3346
7445
2233
4658
8161
5135
527
1569
86
7192
3487
4291
225
9501
7112
5853
880
3467
3030
3998
2431
377
6119
1645
1562
9437
9934
2159
7455
6435
6970
5236
998
1847
8629
3956
7678
2900
1894
8924
4448
8954
4384
9171
8444
9038
3693
6774
2790
1130
501
8328
9151
9723
8612
3105
2628
8648
4307
9933
9716
686
173
515
8762
1126
9214
7808
9435
9517
8693
3044
99
9569
7850
5045
5060
7781
5913
4413
8105
9460
1430
8246
6285
5760
2611
7988
1751
1719
5231
8113
1682
8145
8479
8500
7757
574
1022
9417
6714
4091
9781
1086
3134
5878
3191
5921
7011
7403
980
5628
9449
708
7635
4932
6346
4865
9261
7838
7846
2377
5101
4822
3755
8171
805
275
7237
3237
8775
9456
2114
5546
7997
8085
7255
8782
444
6628
5807
7087
6037
5674
2700
9918
7222
2396
4580
7481
2804
849
4714
1265
2739
489
5424
8313
3368
1710
389
6224
5202
3816
1584
9585
4106
1214
9922
3744
9031
6789
6603
7596
6099
1715
3416
4400
9649
9854
2053
6193
3788
5283
3395
7147
7885
3764
5864
6553
4471
1074
4159
1947
5287
3970
5763
4452
2902
3192
6144
7520
2577
3082
9256
977
6520
3417
1997
9630
8816
8381
3728
4293
3233
2503
7849
2467
1739
9291
4354
3621
2458
3475
1964
6643
6933
2480
4416
1654
8049
4389
1589
3062
4610
1323
3532
8703
7666
4195
7046
2385
4380
857
5639
3508
2506
6653
8024
8022
157
4967
79
8964
2026
3791
2894
2914
4129
6226
9863
5189
6705
5248
866
558
6512
985
6529
7356
8939
7975
2632
988
7141
7318
2309
421
4082
4979
9515
5809
1133
8499
7354
7733
3606
4564
6877
9089
4662
7154
2513
188
5539
9599
1752
2074
2240
3000
9006
7229
2007
1109
7916
5036
9695
1832
4845
6869
7068
8243
4986
4152
4629
8470
8543
8329
9537
1619
8286
8994
4032
944
6560
4692
2488
8013
3951
9318
4119
2022
2708
8355
9653
1582
1284
5075
8181
6345
7098
44
8851
3070
9571
6306
3997
9506
4467
3100
4410
2183
283
7760
7392
8256
3868
3352
3254
5170
6131
9957
9163
2015
1194
4165
238
6987
4267
8216
4295
5226
5541
8880
355
2166
3742
5934
3426
2922
5571
5041
9138
3324
9321
894
6638
5583
5820
5888
6005
6216
2590
6071
109
6619
8756
1680
4386
6367
4391
5396
9347
9577
296
9527
3232
8439
3995
6712
7443
4397
1229
7847
3692
5757
9476
934
3190
5845
7485
5313
9248
6443
3469
9240
1670
6157
4589
6777
476
2752
9267
2050
5958
3171
1714
9682
7406
5333
2230
2807
5706
2329
2024
6961
2741
7594
5451
9987
4941
1963
3584
6876
2671
6350
9083
512
1412
6364
7536
5205
5190
2819
3339
7647
5423
8340
8855
7844
2197
333
4870
6946
8080
1929
8915
6106
3752
4963
9583
9455
5675
4922
4276
7411
8504
9519
3067
8304
4557
6779
3121
1711
8801
824
7669
2896
4781
1420
6993
5368
3423
7998
7390
1800
8635
7412
3256
153
9889
5334
2390
2277
2236
795
6665
676
8259
2004
398
5116
6908
4507
9157
5772
4619
5438
8135
2718
2574
7889
2500
9400
3741
6008
760
3921
1593
8338
2865
6015
5753
5549
8557
1910
1261
5525
8104
8212
8848
6762
5911
6283
3646
1223
7537
3119
9145
27
3106
9065
9981
694
6630
8422
4758
6819
1741
329
4577
1902
7105
1297
3025
3962
2884
4842
2834
2870
7569
9543
365
9304
8374
4752
5578
5006
416
6370
253
6445
9684
8764
605
7025
7952
9399
3293
5986
4249
8017
6017
3850
1794
5173
5747
2167
3721
7766
4158
474
7323
6078
1628
6054
914
3753
1060
9238
7650
5067
6698
2719
3057
7405
1252
163
5625
6911
2386
2840
3891
1979
6540
5182
5240
8300
5194
590
9589
1916
2620
200
2260
2629
565
6448
7173
8548
5944
7114
9283
4084
191
3906
5264
1700
831
5237
8861
4048
1781
1468
6900
8158
6626
184
4993
8058
1258
5327
419
727
3840
6095
4716
300
3149
222
3947
7212
2098
1588
2563
5350
5569
3354
9769
9265
871
898
4755
5125
2
1876
4508
7061
3720
9846
3012
7387
8825
2307
236
274
584
779
9698
4057
4469
6140
1776
1626
8810
2504
423
1156
239
6418
860
6202
2644
2219
4699
7225
3509
1734
3052
2659
5758
2322
6178
5432
4834
5436
2108
3505
2365
5307
7374
1116
8885
8507
7223
1889
7943
3664
9734
8290
5732
6104
736
336
870
2958
3107
1008
9042
4586
9097
2715
2205
5560
6076
1978
2454
7185
1595
8275
3883
9638
5684
2586
6684
6058
6194
5467
8252
2095
7150
2770
5786
615
1870
1211
7006
4727
2672
6683
9186
3526
4885
9146
3169
6722
9994
168
4992
4115
7761
5261
4346
7676
4715
2951
367
655
1535
6040
4065
5618
3757
2266
976
4304
91
903
4255
619
1826
8119
3441
4517
8271
465
6723
9864
4968
9436
1907
5119
3255
9023
9162
5181
2268
9604
9406
9279
3362
1491
9890
4984
5989
4176
3746
7641
1011
6033
2084
9982
1731
4712
2027
4280
9795
7293
9877
318
2284
2484
5092
1164
656
266
7451
4343
1228
7169
2681
3500
2399
3886
1986
3922
5861
6454
3515
2716
4736
1077
5670
1698
2695
7670
7925
6769
285
3633
8638
9416
4653
8236
7551
9482
3429
3548
1216
4690
6114
5838
9379
1831
434
8621
1041
1467
1938
3624
8400
2977
9339
4665
8929
2338
7512
2757
8744
3112
8391
5951
7082
2384
525
9142
9069
4427
6102
2728
2948
2985
2468
5752
4283
6272
8004
3763
5052
8623
9392
4886
7012
4209
6357
7779
8582
5570
4490
7758
8643
6882
5512
5263
7479
6186
6439
9650
5437
5043
5326
6374
6627
3708
5351
2901
7005
2957
6415
938
4253
2765
2363
1455
6996
1118
1424
6310
6159
4068
56
2151
7298
7239
6958
5185
3959
8153
2113
1347
2471
6168
8336
3471
8568
3168
7130
4622
2696
1204
7220
9752
2604
4227
1374
7817
7949
9865
1646
463
471
9978
514
3167
1976
7871
1283
270
3200
1345
9720
6434
4392
314
5927
6431
237
2703
9860
2336
6313
9888
2380
3415
6236
4148
309
4522
1306
8390
2002
8712
8660
3809
6843
1123
7510
2903
4746
2250
702
42
4815
9792
4720
5828
3296
1002
2132
2312
2133
4223
392
6053
6676
2199
2350
9311
9554
5040
3278
4687
4120
6610
3003
6959
4231
9807
349
4064
8386
6356
1939
6778
4565
1247
3370
3103
2085
918
3066
9814
5976
6382
4948
4876
8922
5218
8182
406
6517
5688
2863
1713
4743
5931
3750
493
4367
1479
2094
7908
5846
8784
84
6471
1810
4414
9844
9060
8930
1112
6701
5491
3630
1072
7172
6905
2029
6506
6821
6997
1754
3403
4050
7466
1278
4867
2185
6823
6489
7616
3678
3852
5869
334
8768
4034
5191
2393
7684
2494
8456
3576
5516
5128